497, 260, 0, 484, 339, -12, 466, 406, -23, 456, 467, -34, 453, 509, -47, 359, 375, -8, 292, 403, -16, 252, 415, -25, 220, 424, -33, 339, 332, -11, 261, 349, -16, 215, 354, -25, 178, 359, -34, 335, 290, -14, 261, 300, -20, 218, 303, -30, 183, 305, -38, 344, 254, -19, 291, 246, -27, 258, 238, -32, 229, 232, -35
515, 263, 0, 499, 338, -15, 477, 404, -29, 463, 461, -43, 459, 504, -59, 370, 369, -18, 299, 391, -33, 254, 400, -45, 218, 405, -54, 353, 328, -23, 270, 338, -34, 219, 342, -46, 179, 344, -55, 352, 285, -28, 279, 284, -39, 237, 282, -49, 203, 280, -57, 364, 246, -36, 315, 227, -47, 283, 214, -51, 255, 205, -54
521, 265, 0, 493, 336, -13, 460, 394, -25, 437, 448, -38, 430, 490, -52, 353, 341, -12, 274, 348, -23, 228, 350, -33, 191, 353, -42, 343, 296, -16, 260, 287, -24, 212, 283, -35, 175, 280, -44, 349, 254, -21, 275, 236, -29, 231, 224, -40, 197, 216, -50, 366, 220, -27, 317, 189, -37, 287, 167, -43, 261, 152, -47
520, 247, 0, 481, 319, -6, 440, 368, -16, 409, 418, -27, 393, 460, -39, 348, 314, -8, 267, 309, -17, 219, 303, -25, 180, 297, -33, 338, 264, -14, 254, 238, -22, 206, 223, -31, 170, 211, -40, 347, 218, -21, 273, 184, -29, 230, 165, -40, 196, 152, -50, 369, 182, -29, 326, 141, -38, 299, 116, -45, 276, 99, -49
523, 261, 0, 467, 324, -5, 414, 367, -15, 378, 412, -27, 358, 450, -40, 335, 291, -12, 254, 271, -23, 206, 257, -31, 168, 248, -38, 336, 241, -20, 254, 202, -31, 204, 178, -42, 167, 163, -51, 352, 200, -28, 281, 154, -38, 239, 127, -50, 205, 109, -60, 381, 171, -36, 341, 122, -48, 316, 90, -55, 293, 66, -60
506, 288, 0, 449, 341, -4, 398, 371, -14, 357, 406, -26, 335, 440, -41, 326, 288, -17, 247, 261, -30, 201, 242, -39, 164, 227, -46, 332, 239, -26, 253, 190, -41, 206, 158, -52, 172, 136, -61, 354, 201, -34, 287, 147, -48, 247, 116, -59, 216, 92, -68, 386, 176, -43, 351, 122, -58, 330, 86, -66, 310, 57, -70
502, 323, 0, 440, 363, -5, 384, 381, -16, 336, 407, -30, 304, 435, -46, 320, 293, -18, 247, 252, -33, 203, 224, -44, 168, 201, -53, 331, 249, -27, 261, 188, -42, 218, 147, -55, 186, 118, -66, 357, 215, -36, 301, 149, -50, 266, 108, -64, 240, 78, -74, 393, 193, -46, 364, 132, -61, 347, 92, -70, 330, 60, -74
498, 344, 0, 428, 378, 2, 367, 386, -1, 317, 404, -9, 287, 432, -19, 314, 292, -4, 246, 241, -13, 206, 210, -21, 172, 186, -28, 329, 251, -15, 268, 181, -25, 228, 137, -37, 197, 105, -47, 359, 221, -25, 313, 151, -34, 281, 106, -47, 256, 73, -57, 397, 205, -35, 378, 146, -44, 365, 109, -51, 352, 80, -54
479, 361, 0, 396, 366, 22, 342, 341, 28, 300, 320, 28, 276, 305, 26, 310, 265, -2, 253, 199, -14, 218, 160, -22, 190, 130, -27, 333, 237, -21, 286, 151, -32, 255, 95, -42, 232, 55, -51, 370, 219, -36, 336, 131, -49, 315, 78, -63, 298, 39, -73, 414, 210, -49, 407, 136, -64, 404, 91, -75, 398, 54, -81
465, 379, 0, 384, 379, 18, 336, 346, 21, 305, 313, 20, 290, 287, 16, 306, 275, -9, 252, 207, -22, 219, 168, -29, 192, 137, -34, 330, 249, -26, 285, 163, -38, 258, 109, -47, 237, 68, -55, 366, 234, -40, 340, 147, -52, 321, 93, -66, 306, 53, -76, 408, 229, -52, 408, 157, -67, 408, 113, -77, 406, 76, -84
461, 389, 0, 380, 373, 18, 336, 325, 21, 315, 275, 20, 311, 235, 16, 309, 268, -11, 265, 192, -25, 237, 147, -33, 215, 111, -39, 337, 247, -28, 306, 154, -39, 285, 95, -48, 270, 50, -56, 376, 236, -42, 357, 144, -54, 344, 88, -68, 334, 47, -79, 420, 234, -53, 426, 159, -68, 430, 114, -79, 431, 78, -86
457, 393, 0, 376, 366, 18, 339, 309, 21, 331, 249, 20, 339, 207, 17, 317, 259, -12, 281, 179, -28, 257, 130, -37, 240, 89, -43, 348, 240, -28, 327, 143, -41, 313, 80, -50, 302, 33, -58, 388, 232, -42, 379, 139, -56, 372, 80, -70, 365, 37, -81, 432, 234, -53, 444, 159, -70, 452, 113, -81, 458, 75, -88
447, 390, 0, 371, 350, 14, 340, 283, 15, 339, 218, 14, 355, 174, 9, 324, 240, -22, 302, 151, -39, 286, 97, -49, 275, 55, -55, 361, 229, -38, 354, 126, -51, 347, 63, -62, 342, 14, -70, 405, 230, -51, 412, 135, -65, 413, 74, -82, 411, 26, -95, 449, 242, -60, 473, 182, -76, 490, 151, -86, 502, 124, -92
438, 425, 0, 367, 374, 16, 339, 305, 15, 339, 244, 12, 350, 198, 5, 331, 263, -29, 316, 171, -48, 307, 116, -57, 298, 72, -63, 366, 261, -47, 368, 156, -65, 368, 89, -76, 367, 36, -85, 408, 270, -60, 427, 173, -78, 438, 112, -93, 441, 65, -103, 451, 286, -71, 488, 216, -89, 509, 176, -99, 521, 140, -105
322, 433, 0, 287, 363, -5, 261, 283, -19, 225, 226, -32, 189, 188, -50, 297, 268, -58, 327, 197, -80, 344, 154, -92, 357, 116, -101, 330, 291, -70, 376, 225, -92, 404, 179, -105, 429, 141, -118, 365, 324, -79, 423, 271, -101, 457, 233, -116, 485, 201, -129, 397, 359, -87, 460, 330, -110, 502, 314, -123, 536, 297, -133
311, 426, 0, 274, 357, -4, 247, 281, -17, 211, 226, -30, 176, 189, -46, 284, 264, -56, 312, 192, -77, 329, 149, -88, 341, 112, -96, 315, 288, -67, 365, 222, -88, 392, 176, -100, 414, 139, -111, 350, 319, -76, 411, 266, -96, 443, 228, -109, 467, 198, -120, 382, 353, -83, 447, 324, -103, 486, 306, -115, 517, 289, -123
245, 378, 0, 233, 305, -14, 222, 221, -31, 202, 157, -46, 178, 108, -64, 245, 255, -67, 280, 211, -90, 303, 182, -103, 324, 153, -114, 271, 291, -73, 321, 257, -97, 353, 229, -109, 381, 208, -123, 298, 329, -77, 358, 308, -101, 392, 293, -111, 420, 280, -120, 325, 364, -81, 385, 358, -103, 425, 354, -112, 461, 350, -121
632, 255, 0, 658, 322, -11, 676, 377, -24, 705, 423, -37, 732, 452, -52, 575, 413, -11, 545, 471, -19, 525, 503, -27, 508, 530, -33, 539, 390, -14, 492, 443, -18, 462, 473, -24, 438, 495, -30, 515, 359, -18, 465, 399, -23, 434, 422, -30, 408, 441, -37, 503, 327, -22, 456, 349, -29, 428, 363, -34, 405, 377, -36
700, 242, 0, 749, 294, -1, 782, 343, -9, 820, 368, -21, 857, 371, -33, 714, 404, 0, 725, 464, -10, 730, 496, -20, 731, 521, -28, 671, 404, -8, 660, 476, -14, 652, 516, -21, 645, 548, -27, 635, 389, -17, 607, 447, -21, 592, 479, -30, 580, 505, -36, 608, 364, -26, 576, 399, -28, 559, 422, -27, 547, 442, -27
732, 235, 0, 787, 274, -5, 825, 311, -13, 867, 332, -22, 905, 332, -32, 765, 385, -10, 784, 444, -18, 794, 478, -24, 802, 505, -29, 721, 388, -13, 720, 462, -19, 718, 506, -25, 714, 538, -29, 684, 376, -16, 661, 437, -23, 648, 474, -32, 639, 502, -38, 658, 356, -19, 629, 397, -26, 612, 423, -30, 601, 446, -33
765, 213, 0, 823, 244, -1, 859, 283, -7, 899, 301, -13, 935, 296, -20, 812, 365, -8, 828, 423, -15, 838, 457, -19, 844, 481, -21, 767, 372, -13, 766, 444, -21, 764, 488, -24, 763, 519, -24, 726, 362, -18, 705, 424, -27, 693, 463, -35, 686, 492, -39, 695, 342, -22, 667, 385, -31, 651, 414, -36, 640, 437, -38
797, 199, 0, 850, 228, 0, 886, 261, -6, 922, 270, -13, 957, 261, -22, 848, 339, -10, 871, 395, -20, 884, 426, -25, 894, 448, -29, 808, 349, -17, 813, 420, -26, 815, 461, -30, 816, 490, -33, 769, 343, -24, 755, 405, -34, 746, 444, -45, 741, 472, -52, 737, 327, -30, 715, 372, -42, 702, 401, -51, 693, 425, -55
871, 230, 0, 925, 244, 0, 959, 264, -4, 985, 260, -12, 1010, 245, -21, 940, 349, -1, 962, 390, -7, 975, 413, -13, 985, 429, -18, 901, 364, -9, 910, 425, -14, 918, 461, -18, 923, 487, -22, 863, 364, -18, 853, 424, -27, 851, 458, -39, 850, 486, -46, 829, 354, -27, 812, 399, -40, 804, 426, -49, 798, 449, -54
888, 224, 0, 950, 248, -2, 1000, 268, -11, 1051, 278, -21, 1094, 278, -32, 959, 355, -4, 993, 406, -8, 1009, 434, -13, 1021, 456, -18, 921, 369, -8, 945, 436, -9, 956, 474, -14, 963, 501, -19, 883, 367, -12, 885, 431, -15, 887, 468, -23, 891, 493, -30, 851, 356, -16, 839, 406, -20, 834, 435, -23, 833, 458, -24
909, 229, 0, 974, 246, -10, 1029, 260, -21, 1088, 266, -32, 1135, 265, -44, 988, 342, -5, 1030, 391, -10, 1052, 420, -16, 1069, 442, -21, 949, 355, -5, 977, 418, -5, 992, 456, -10, 1002, 483, -15, 912, 353, -7, 919, 413, -7, 926, 449, -14, 933, 476, -20, 882, 344, -9, 873, 386, -12, 870, 413, -13, 870, 434, -15
889, 206, 0, 953, 229, -7, 1007, 250, -15, 1063, 260, -24, 1105, 261, -34, 961, 325, 0, 998, 377, -2, 1017, 406, -6, 1033, 428, -9, 923, 336, -1, 947, 398, 2, 959, 435, 1, 967, 460, -1, 889, 333, -2, 892, 388, 0, 896, 422, -4, 900, 446, -9, 861, 322, -5, 849, 358, -5, 843, 382, -5, 839, 402, -5
889, 207, 0, 953, 229, -8, 1007, 250, -15, 1061, 261, -24, 1103, 261, -33, 960, 326, -1, 997, 377, -3, 1017, 406, -7, 1033, 428, -11, 923, 336, -1, 947, 397, 2, 959, 434, 0, 967, 460, -2, 889, 333, -3, 893, 388, 0, 897, 421, -5, 900, 445, -10, 861, 321, -5, 848, 357, -5, 843, 381, -6, 839, 401, -6
854, 256, 0, 894, 304, -11, 919, 348, -22, 951, 383, -34, 982, 401, -47, 843, 402, -18, 830, 461, -27, 821, 494, -33, 814, 520, -39, 802, 393, -20, 774, 452, -28, 755, 488, -34, 741, 515, -39, 772, 372, -23, 731, 417, -31, 706, 447, -40, 688, 469, -46, 754, 346, -27, 715, 371, -36, 689, 388, -42, 668, 405, -46
845, 268, 0, 876, 323, -12, 891, 374, -25, 914, 414, -38, 943, 436, -52, 806, 414, -20, 780, 469, -32, 766, 503, -41, 754, 531, -48, 768, 399, -24, 726, 454, -32, 701, 486, -38, 682, 510, -43, 741, 374, -29, 692, 413, -37, 660, 437, -45, 637, 454, -52, 725, 345, -35, 681, 362, -43, 652, 374, -48, 629, 384, -52
825, 266, 0, 840, 329, -8, 845, 383, -20, 863, 430, -31, 886, 460, -43, 757, 403, -25, 720, 459, -36, 696, 491, -42, 676, 516, -47, 723, 380, -29, 670, 429, -40, 635, 461, -48, 608, 482, -54, 705, 349, -32, 644, 378, -42, 605, 397, -54, 576, 411, -62, 701, 317, -35, 656, 326, -45, 629, 332, -52, 606, 338, -56
832, 266, 0, 838, 332, -4, 834, 389, -15, 847, 438, -26, 870, 470, -38, 750, 401, -23, 707, 453, -34, 680, 482, -41, 658, 506, -47, 720, 375, -29, 659, 421, -39, 620, 449, -48, 591, 468, -54, 704, 342, -33, 641, 366, -42, 600, 384, -53, 570, 397, -61, 701, 308, -38, 654, 313, -46, 625, 317, -52, 601, 322, -56
826, 278, 0, 820, 342, -9, 807, 396, -23, 808, 445, -38, 821, 480, -55, 720, 390, -29, 666, 432, -44, 632, 456, -54, 606, 475, -62, 698, 360, -35, 629, 390, -49, 584, 407, -60, 550, 419, -68, 690, 325, -41, 622, 339, -53, 577, 346, -66, 543, 353, -75, 694, 289, -47, 646, 279, -60, 613, 273, -68, 585, 270, -74
821, 284, 0, 798, 348, -3, 772, 396, -17, 761, 445, -32, 765, 485, -48, 704, 379, -36, 635, 409, -52, 594, 425, -60, 562, 438, -65, 687, 344, -43, 606, 358, -59, 556, 368, -69, 519, 375, -76, 685, 306, -48, 608, 302, -64, 558, 299, -77, 522, 298, -86, 695, 273, -51, 645, 254, -65, 617, 242, -72, 593, 234, -76
797, 305, 0, 764, 360, -4, 728, 405, -20, 711, 454, -35, 711, 495, -53, 679, 386, -48, 608, 410, -69, 564, 421, -79, 528, 432, -87, 673, 351, -57, 593, 357, -80, 541, 360, -93, 501, 363, -104, 679, 314, -63, 607, 298, -82, 557, 290, -96, 519, 285, -107, 692, 279, -68, 640, 251, -87, 607, 232, -97, 577, 217, -104
797, 318, 0, 750, 364, -4, 696, 397, -16, 661, 436, -28, 649, 474, -43, 656, 357, -37, 582, 349, -53, 540, 344, -60, 506, 339, -66, 664, 323, -47, 585, 297, -63, 540, 278, -74, 505, 263, -82, 682, 290, -54, 622, 248, -70, 580, 223, -84, 547, 204, -94, 705, 261, -60, 672, 214, -76, 649, 185, -87, 628, 162, -94
796, 322, 0, 742, 364, 0, 684, 393, -11, 645, 429, -22, 631, 467, -37, 650, 349, -38, 575, 334, -53, 533, 321, -59, 499, 310, -64, 662, 317, -48, 585, 279, -64, 540, 254, -74, 506, 235, -82, 683, 285, -55, 623, 235, -70, 584, 204, -81, 554, 182, -91, 708, 258, -62, 677, 204, -77, 654, 171, -86, 632, 146, -93
734, 361, 0, 678, 389, -3, 621, 407, -16, 579, 435, -29, 556, 468, -45, 593, 369, -35, 530, 341, -51, 493, 326, -60, 463, 314, -67, 611, 342, -44, 549, 294, -61, 511, 266, -71, 481, 246, -80, 637, 316, -52, 589, 263, -67, 557, 231, -78, 531, 208, -86, 665, 294, -60, 637, 243, -73, 622, 213, -80, 607, 190, -85
732, 519, 0, 667, 506, -6, 601, 483, -22, 544, 483, -37, 502, 495, -56, 608, 425, -40, 576, 354, -59, 562, 312, -69, 548, 278, -77, 643, 408, -49, 623, 323, -69, 613, 270, -82, 606, 227, -93, 684, 399, -57, 679, 324, -76, 674, 273, -90, 670, 233, -100, 722, 397, -65, 731, 336, -82, 739, 297, -92, 745, 262, -99
657, 526, 0, 587, 486, -4, 526, 437, -17, 469, 416, -31, 423, 414, -48, 558, 399, -48, 560, 313, -66, 562, 263, -77, 563, 221, -84, 603, 400, -57, 617, 307, -75, 628, 250, -87, 637, 206, -97, 647, 406, -64, 671, 325, -78, 686, 271, -90, 697, 230, -99, 687, 415, -70, 715, 359, -83, 735, 329, -89, 750, 303, -94
576, 505, 0, 522, 447, -5, 478, 378, -20, 431, 331, -34, 388, 310, -52, 521, 354, -50, 558, 274, -70, 584, 229, -80, 605, 193, -89, 565, 371, -60, 617, 284, -79, 649, 233, -89, 673, 195, -99, 606, 392, -68, 663, 320, -83, 699, 274, -91, 726, 238, -99, 643, 412, -75, 695, 361, -88, 729, 331, -95, 754, 304, -100