882, 216, 0, 833, 232, -32, 811, 279, -49, 849, 320, -64, 889, 344, -77, 800, 358, -29, 803, 421, -62, 817, 461, -86, 830, 500, -103, 843, 364, -29, 856, 378, -73, 852, 326, -83, 847, 307, -81, 883, 358, -33, 893, 364, -72, 882, 313, -63, 874, 301, -49, 919, 345, -42, 924, 347, -68, 909, 309, -63, 897, 298, -53
1001, 202, 0, 962, 232, -50, 957, 280, -75, 1015, 306, -93, 1067, 326, -107, 959, 372, -48, 996, 435, -88, 1027, 470, -114, 1056, 507, -132, 1001, 360, -39, 1037, 362, -90, 1014, 314, -103, 993, 303, -103, 1037, 340, -38, 1071, 337, -85, 1044, 292, -83, 1021, 287, -71, 1068, 315, -40, 1095, 319, -74, 1072, 290, -72, 1047, 284, -63
868, 181, 0, 816, 186, -22, 758, 237, -34, 769, 306, -47, 806, 345, -57, 738, 325, -10, 704, 385, -41, 683, 429, -61, 668, 469, -78, 785, 341, -15, 759, 351, -56, 783, 281, -52, 799, 271, -39, 827, 342, -25, 809, 344, -63, 817, 279, -36, 830, 271, -10, 871, 332, -39, 854, 343, -62, 849, 294, -45, 858, 283, -27
726, 213, 0, 662, 233, -7, 606, 272, -24, 580, 320, -48, 594, 361, -72, 618, 360, 2, 569, 406, -25, 533, 436, -37, 507, 465, -46, 650, 375, -11, 593, 372, -48, 616, 313, -42, 642, 315, -27, 682, 379, -31, 622, 364, -67, 641, 308, -45, 667, 309, -21, 711, 370, -53, 653, 357, -73, 663, 316, -58, 688, 315, -42
791, 197, 0, 719, 253, -28, 686, 312, -59, 683, 370, -92, 718, 370, -124, 766, 420, -26, 743, 489, -62, 725, 540, -84, 716, 582, -102, 817, 414, -34, 738, 410, -73, 730, 347, -71, 751, 331, -61, 848, 386, -47, 758, 360, -78, 747, 313, -57, 768, 303, -38, 857, 346, -66, 779, 322, -85, 769, 288, -76, 788, 279, -65
821, 142, 0, 760, 167, -37, 723, 219, -60, 767, 238, -79, 833, 234, -96, 752, 320, -43, 756, 376, -82, 762, 411, -108, 771, 446, -130, 811, 325, -45, 817, 365, -103, 803, 296, -116, 792, 255, -112, 861, 309, -53, 867, 313, -100, 840, 252, -92, 820, 226, -77, 902, 278, -66, 895, 250, -99, 866, 211, -100, 844, 201, -95
400, 129, 0, 316, 134, -23, 250, 161, -49, 224, 201, -75, 263, 217, -102, 260, 291, -32, 198, 334, -65, 153, 364, -89, 119, 392, -109, 309, 319, -40, 249, 268, -74, 273, 212, -73, 300, 209, -68, 356, 311, -52, 299, 238, -79, 311, 193, -60, 332, 196, -44, 391, 281, -69, 340, 218, -89, 347, 183, -79, 368, 184, -68
587, 76, 0, 520, 88, -19, 457, 125, -33, 460, 161, -49, 513, 177, -63, 470, 246, -27, 434, 295, -52, 410, 328, -72, 390, 362, -91, 520, 273, -34, 494, 227, -63, 502, 175, -68, 515, 162, -68, 567, 264, -44, 538, 192, -62, 534, 151, -50, 541, 151, -40, 607, 235, -59, 577, 172, -71, 566, 139, -65, 569, 138, -58
783, 246, 0, 742, 255, -12, 699, 317, -17, 714, 379, -25, 755, 403, -32, 716, 389, 3, 709, 443, -18, 707, 483, -31, 710, 517, -41, 755, 391, -1, 726, 407, -36, 730, 342, -31, 746, 329, -17, 785, 382, -11, 763, 392, -44, 756, 334, -19, 770, 322, 5, 817, 367, -24, 794, 383, -42, 783, 341, -26, 793, 329, -10
899, 294, 0, 857, 323, -15, 825, 378, -23, 840, 426, -34, 876, 450, -45, 827, 430, -3, 820, 495, -26, 820, 531, -39, 824, 567, -49, 861, 427, -10, 857, 466, -46, 851, 419, -51, 855, 401, -45, 893, 417, -20, 889, 441, -54, 878, 395, -43, 881, 383, -26, 924, 401, -34, 915, 422, -50, 903, 391, -39, 903, 378, -26
925, 224, 0, 881, 227, -29, 849, 255, -48, 877, 280, -65, 919, 297, -80, 839, 338, -33, 836, 387, -63, 842, 420, -85, 849, 451, -100, 879, 351, -34, 879, 371, -79, 886, 323, -90, 887, 292, -88, 916, 350, -39, 924, 352, -76, 924, 306, -70, 917, 282, -58, 951, 339, -47, 960, 328, -72, 953, 294, -71, 941, 277, -64
392, 103, 0, 445, 120, -32, 493, 163, -49, 494, 210, -64, 457, 232, -77, 469, 256, -32, 475, 327, -57, 476, 372, -70, 471, 410, -77, 428, 251, -32, 439, 278, -70, 438, 216, -74, 433, 197, -67, 392, 239, -36, 400, 256, -78, 407, 199, -67, 405, 186, -48, 355, 221, -43, 364, 237, -68, 379, 198, -54, 379, 184, -38
459, 143, 0, 520, 141, -13, 588, 163, -28, 619, 199, -46, 582, 211, -64, 582, 271, -16, 620, 297, -36, 643, 319, -48, 663, 344, -58, 546, 294, -26, 581, 258, -56, 559, 209, -61, 541, 208, -60, 510, 294, -37, 543, 251, -69, 525, 207, -61, 507, 206, -51, 475, 283, -50, 508, 244, -69, 501, 209, -62, 487, 206, -53
300, 110, 0, 361, 116, -40, 430, 146, -61, 407, 178, -76, 354, 178, -88, 403, 255, -37, 399, 286, -71, 382, 308, -91, 366, 340, -105, 351, 283, -34, 332, 232, -69, 340, 175, -77, 353, 173, -76, 301, 281, -37, 283, 213, -72, 298, 166, -65, 314, 172, -55, 255, 265, -46, 246, 204, -67, 265, 163, -61, 279, 163, -52
180, 72, 0, 238, 88, -60, 280, 121, -90, 226, 136, -111, 163, 134, -126, 242, 236, -59, 202, 263, -102, 169, 281, -127, 138, 311, -142, 187, 251, -49, 140, 199, -87, 170, 142, -91, 202, 146, -88, 137, 241, -46, 95, 179, -84, 128, 131, -73, 157, 140, -60, 94, 218, -51, 68, 166, -77, 99, 129, -70, 124, 129, -59
350, 65, 0, 420, 66, -34, 506, 91, -57, 492, 124, -76, 431, 123, -94, 483, 228, -35, 489, 251, -69, 485, 275, -90, 483, 310, -107, 420, 267, -40, 410, 193, -78, 409, 132, -90, 414, 135, -92, 360, 264, -48, 352, 171, -83, 361, 121, -76, 371, 135, -67, 303, 243, -61, 301, 161, -84, 315, 117, -76, 324, 124, -66
271, 236, 0, 325, 267, -38, 370, 323, -50, 339, 362, -58, 289, 357, -63, 332, 396, -23, 330, 459, -45, 319, 493, -57, 308, 530, -65, 290, 392, -18, 284, 411, -51, 293, 356, -57, 300, 344, -53, 252, 381, -19, 239, 394, -57, 255, 341, -51, 266, 333, -37, 213, 364, -23, 207, 377, -45, 225, 341, -34, 233, 326, -20
158, 198, 0, 196, 244, -37, 215, 308, -50, 168, 334, -57, 121, 325, -61, 169, 369, -28, 140, 432, -54, 116, 462, -68, 93, 494, -79, 130, 349, -24, 108, 369, -58, 131, 320, -65, 146, 310, -63, 96, 328, -25, 68, 343, -61, 99, 297, -54, 117, 289, -40, 65, 300, -29, 42, 318, -50, 69, 289, -39, 86, 274, -25
611, 137, 0, 684, 157, -22, 747, 207, -40, 767, 261, -59, 734, 274, -79, 706, 330, -25, 736, 386, -51, 754, 427, -68, 770, 465, -81, 659, 345, -33, 703, 316, -71, 695, 262, -81, 677, 245, -81, 617, 335, -43, 666, 291, -78, 657, 246, -72, 642, 236, -62, 579, 311, -55, 626, 273, -77, 629, 235, -71, 621, 223, -61
840, 251, 0, 915, 246, -2, 975, 272, -7, 1013, 308, -20, 997, 336, -33, 954, 365, 21, 999, 412, 3, 1032, 437, -8, 1057, 462, -17, 931, 379, 6, 989, 379, -34, 969, 327, -47, 938, 318, -45, 908, 389, -10, 966, 385, -55, 943, 332, -51, 911, 326, -35, 881, 396, -28, 940, 390, -55, 929, 350, -47, 903, 341, -33
