894, 140, 0, 848, 169, -32, 832, 222, -51, 870, 261, -70, 909, 287, -87, 828, 319, -26, 808, 389, -48, 796, 434, -63, 787, 471, -72, 872, 323, -30, 883, 402, -53, 891, 456, -69, 900, 500, -77, 910, 305, -37, 921, 341, -70, 910, 295, -73, 905, 261, -65, 942, 274, -47, 948, 304, -71, 939, 275, -66, 933, 249, -57
861, 135, 0, 813, 159, -32, 791, 208, -50, 823, 250, -68, 858, 277, -85, 785, 302, -27, 764, 373, -50, 751, 417, -65, 742, 455, -75, 826, 311, -30, 820, 389, -55, 818, 441, -71, 818, 485, -79, 864, 297, -38, 866, 337, -73, 863, 289, -75, 862, 253, -66, 898, 270, -48, 897, 301, -74, 890, 267, -69, 887, 239, -59
861, 139, 0, 815, 158, -26, 791, 204, -43, 818, 243, -61, 851, 269, -77, 778, 300, -25, 740, 356, -48, 716, 395, -63, 698, 429, -74, 821, 309, -32, 827, 385, -58, 838, 436, -74, 850, 479, -83, 860, 293, -42, 871, 329, -77, 860, 280, -79, 855, 245, -71, 892, 263, -55, 890, 284, -83, 878, 249, -79, 872, 221, -70
551, 149, 0, 496, 160, -15, 448, 196, -30, 441, 233, -49, 461, 264, -67, 446, 300, -16, 399, 353, -36, 372, 385, -47, 352, 417, -55, 485, 312, -29, 475, 391, -53, 474, 442, -68, 476, 485, -75, 523, 302, -44, 494, 332, -80, 478, 281, -85, 474, 244, -78, 556, 278, -60, 521, 299, -87, 499, 260, -85, 490, 226, -77
556, 162, 0, 500, 184, -4, 467, 232, -12, 453, 280, -27, 473, 316, -41, 487, 293, 6, 458, 348, -4, 443, 377, -10, 436, 404, -15, 516, 304, -6, 516, 385, -25, 517, 430, -39, 522, 466, -47, 542, 298, -22, 513, 357, -50, 486, 320, -55, 476, 285, -51, 566, 285, -38, 527, 320, -59, 505, 297, -62, 496, 270, -59
709, 258, 0, 663, 261, -22, 625, 280, -43, 628, 300, -65, 645, 325, -87, 605, 381, -38, 563, 433, -64, 537, 467, -79, 518, 500, -89, 647, 395, -46, 640, 460, -75, 642, 506, -91, 646, 546, -99, 687, 387, -56, 673, 396, -91, 662, 346, -96, 658, 311, -89, 719, 366, -66, 696, 356, -93, 679, 317, -92, 669, 288, -85
383, 132, 0, 431, 158, -29, 447, 213, -40, 409, 248, -52, 367, 263, -61, 435, 292, -15, 454, 354, -33, 464, 392, -46, 469, 426, -55, 393, 297, -16, 382, 366, -41, 372, 412, -58, 361, 453, -67, 359, 283, -21, 344, 323, -61, 355, 278, -67, 361, 242, -58, 331, 256, -28, 321, 287, -60, 333, 260, -60, 343, 233, -51
397, 185, 0, 446, 201, -25, 474, 241, -39, 446, 270, -52, 410, 286, -66, 472, 319, -19, 501, 371, -40, 517, 404, -53, 530, 435, -61, 433, 329, -23, 444, 394, -47, 451, 437, -62, 455, 476, -68, 398, 321, -30, 392, 356, -69, 396, 307, -73, 398, 271, -63, 363, 298, -39, 362, 324, -69, 371, 289, -66, 377, 259, -55
403, 243, 0, 439, 215, -26, 486, 215, -38, 490, 248, -49, 478, 282, -59, 548, 266, -14, 603, 271, -34, 637, 274, -46, 666, 278, -54, 532, 301, -16, 580, 342, -41, 611, 367, -58, 638, 390, -66, 504, 320, -22, 524, 338, -62, 491, 305, -71, 468, 282, -65, 470, 329, -29, 477, 331, -63, 456, 302, -67, 440, 283, -60
418, 249, 0, 454, 220, -25, 502, 218, -36, 513, 254, -47, 507, 290, -56, 568, 263, -13, 624, 263, -32, 659, 263, -44, 689, 266, -52, 555, 299, -16, 609, 334, -39, 644, 356, -55, 673, 374, -62, 529, 320, -22, 553, 337, -60, 519, 308, -68, 491, 289, -61, 494, 330, -29, 504, 333, -63, 482, 309, -65, 462, 292, -58
298, 138, 0, 292, 176, -31, 260, 212, -34, 215, 221, -35, 179, 220, -32, 244, 267, 0, 221, 310, -4, 206, 336, -9, 193, 358, -14, 216, 249, 9, 176, 279, 0, 148, 296, -10, 126, 310, -15, 204, 223, 12, 162, 233, -13, 174, 206, -27, 189, 186, -28, 201, 194, 13, 169, 200, -13, 174, 184, -24, 186, 170, -25
300, 147, 0, 319, 179, -27, 314, 224, -36, 278, 247, -43, 244, 254, -49, 325, 281, -12, 337, 335, -26, 342, 367, -36, 345, 397, -43, 291, 283, -9, 281, 342, -28, 269, 378, -41, 260, 409, -47, 264, 270, -10, 237, 295, -43, 235, 260, -52, 239, 230, -47, 244, 248, -12, 223, 263, -39, 226, 239, -42, 234, 218, -37
490, 83, 0, 549, 118, -28, 583, 184, -39, 559, 223, -52, 512, 234, -64, 555, 283, -11, 581, 354, -33, 594, 399, -48, 603, 440, -58, 507, 286, -19, 497, 373, -49, 491, 429, -68, 485, 477, -77, 466, 265, -30, 466, 311, -79, 485, 249, -86, 494, 204, -74, 430, 228, -43, 440, 255, -84, 462, 214, -83, 472, 180, -71
1082, 160, 0, 1045, 197, -36, 1044, 254, -58, 1098, 297, -78, 1142, 326, -96, 1028, 348, -33, 1019, 430, -61, 1014, 482, -78, 1010, 525, -88, 1076, 357, -35, 1097, 443, -66, 1117, 496, -83, 1133, 542, -90, 1116, 340, -42, 1152, 373, -82, 1139, 324, -85, 1124, 293, -76, 1149, 308, -52, 1178, 327, -80, 1164, 297, -76, 1146, 277, -67
1083, 164, 0, 1054, 191, -54, 1059, 241, -80, 1117, 285, -100, 1168, 313, -117, 1039, 345, -42, 1055, 426, -71, 1066, 475, -90, 1076, 519, -102, 1088, 355, -35, 1109, 439, -66, 1134, 493, -86, 1153, 542, -97, 1125, 341, -33, 1168, 380, -81, 1175, 325, -91, 1168, 286, -84, 1154, 311, -36, 1189, 329, -78, 1187, 292, -84, 1171, 261, -78
1112, 109, 0, 1076, 141, -24, 1065, 191, -34, 1099, 231, -45, 1129, 255, -54, 1047, 255, -11, 1034, 317, -24, 1027, 353, -32, 1021, 383, -37, 1083, 257, -12, 1092, 326, -26, 1100, 367, -35, 1107, 398, -39, 1115, 242, -17, 1124, 264, -44, 1114, 227, -51, 1109, 202, -46, 1141, 217, -24, 1144, 235, -45, 1132, 205, -44, 1124, 183, -38
972, 160, 0, 930, 179, -23, 909, 224, -37, 934, 259, -52, 963, 276, -66, 903, 296, -27, 881, 353, -46, 869, 388, -57, 858, 418, -64, 940, 298, -32, 955, 368, -53, 964, 410, -64, 973, 444, -69, 973, 282, -39, 974, 300, -68, 961, 261, -71, 954, 240, -64, 1000, 255, -48, 993, 272, -68, 981, 242, -63, 974, 223, -55
458, 102, 0, 512, 117, -23, 554, 165, -32, 549, 211, -42, 520, 238, -49, 545, 253, -7, 574, 308, -23, 588, 343, -33, 600, 374, -40, 509, 261, -12, 519, 334, -35, 527, 377, -49, 532, 414, -55, 473, 250, -21, 488, 292, -61, 497, 240, -65, 496, 203, -55, 439, 226, -31, 462, 246, -66, 475, 208, -66, 475, 178, -57
496, 115, 0, 548, 122, -22, 589, 158, -34, 593, 194, -49, 566, 215, -61, 600, 256, -11, 638, 304, -31, 660, 333, -43, 678, 361, -51, 560, 268, -19, 564, 340, -46, 567, 385, -62, 567, 422, -69, 522, 259, -28, 537, 284, -71, 546, 232, -78, 547, 195, -70, 489, 236, -40, 513, 241, -73, 523, 202, -74, 525, 171, -65
482, 219, 0, 530, 206, -26, 579, 223, -39, 590, 265, -52, 578, 304, -63, 631, 292, -17, 690, 315, -37, 725, 331, -51, 754, 349, -60, 605, 323, -20, 647, 383, -47, 672, 421, -64, 692, 455, -71, 570, 334, -26, 591, 364, -66, 571, 319, -70, 553, 289, -60, 530, 332, -33, 549, 345, -66, 540, 311, -63, 528, 286, -53
